Designq: 1177.846158 1233.864779 1239.314761 1240.399555 1244.738729 1250.13705 1255.510087 1260.858191 1266.181705 1271.480965 1276.756301 1282.008033 1287.236476 1292.441936 1297.624714 1302.785104 1307.923394 1313.039864 1318.134792 1323.208445 1328.26109 1333.292984 1338.304382 1343.295531 1348.266675 1353.218053 1358.149899 1363.062442 1367.955906 1372.830514 1377.68648 1382.524017 1387.343334 1392.144634 1396.928118 1401.693984 1406.442424 1411.173628 1415.887782 1420.58507 1425.265671 1429.929762 1434.577517 

Checkq: 1089.551922 1346.994484 1380.015934 1386.831404 1414.093285 1449.187496 1485.263536 1522.289745 1560.237326 1599.079942 1638.793384 1679.355303 1720.744983 1762.943156 1805.931835 1849.694184 1894.214403 1939.477619 1985.469806 2032.177707 2079.588762 2127.691057 2176.473263 2225.924595 2276.034769 2326.793965 2378.192789 2430.222252 2482.873731 2536.138956 2590.009978 2644.479153 2699.539122 2755.182795 2811.403333 2868.194137 2925.548829 2983.461246 3041.925423 3100.935586 3160.486142 3220.571668 3281.186903 

DesignAux: -3679.603588 130.9612782 538.6621953 620.1997775 946.350105 1354.025192 1761.687636 2169.337614 2576.975297 2984.600853 3392.214447 3799.816239 4207.406386 4641.318376 5075.219024 5509.108478 5942.986882 6376.854377 6810.711099 7244.557186 7678.392767 8112.217974 8546.032932 9006.631284 9467.219634 9927.798101 10388.3668 10848.92585 11309.47536 11770.01544 12230.5462 12691.06775 13151.58019 13639.01787 14126.44665 14613.86662 15101.27788 15588.68052 16076.07463 16563.46031 17050.83765 17538.20673 18025.56765 

DesignQ: 647.00 655.00 673.00 692.00 706.00 711.00 716.00 724.00 739.00 757.00 795.00 856.00 916.00 978.00 1053.00 1127.00 1150.00 1166.00 1199.00 1306.00 1388.00 1438.00 1450.00 1438.00 1384.00 1318.00 1260.00 1202.00 1144.00 1094.00 1061.00 1044.00 1061.00 1094.00 1127.00 1107.00 1086.00 1069.00 1053.00 1036.00 1020.00 995.00 970.00 945.00 912.00 897.00 881.00 865.00 856.00 858.00 848.00 832.00 816.00 799.00 783.00 767.00 750.00 

CheckQ: 780 790 812 834 851 857 864 874 891 913 959 1032 1105 1180 1270 1360 1400 1420 1460 1590 1690 1750 1770 1750 1670 1590 1520 1450 1380 1320 1280 1260 1280 1320 1360 1335 1310 1290 1270 1166 1148 1120 1092 1064 1026 1009 991 973 964 966 955 937 918 900 882 863 845

V: 31744.15 35829.31 36266.684 36354.1588 36704.058 37141.432 37578.806 38016.18 38453.554 38890.928 39328.302 39765.676 40203.05 40668.864 41134.678 41600.492 42066.306 42532.12 42997.934 43463.748 43929.562 44395.376 44861.19 45355.941 45850.692 46345.443 46840.194 47334.945 47829.696 48324.447 48819.198 49313.949 49808.7 50332.54 50856.38 51380.22 51904.06 52427.9 52951.74 53475.58 53999.42 54523.26 55047.1  

Z: 2845.00 2850.00 2850.50 2850.60  2851.00 2851.50 2852.00 2852.50 2853.00 2853.50 2854.00 2854.50 2855.00 2855.50 2856.00 2856.50 2857.00 2857.50 2858.00 2858.50 2859.00 2859.50 2860.00 2860.50 2861.00 2861.50 2862.00 2862.50 2863.00 2863.50 2864.00 2864.50 2865.00 2865.50 2866.00 2866.50 2867.00 2867.50 2868.00 2868.50 2869.00 2869.50 2870.00

CheckAux: -3723.750706 187.5261307 609.0127819 693.415702 1031.027383 1453.550415 1876.564361 2300.053391 2724.003108 3148.400341 3573.232988 3998.489874 4424.16064 4876.568985 5329.372584 5782.563018 6236.132387 6690.073254 7144.378607 7599.041816 8054.056603 8509.41701 8965.117372 9447.945816 9931.103681 10414.58606 10898.38825 11382.50576 11866.93427 12351.66966 12836.70795 13322.04532 13807.67808 14320.53695 14833.68426 15347.1167 15860.83108 16374.82433 16889.09345 17403.63557 17918.44789 18433.52769 18948.87234   
